0 --1 3 6 7 8 10 
--2 5 6 7 8 10 

1 --1 3 6 7 8 10 
--2 5 6 7 8 10 

2 --1 3 6 7 8 10 
--2 

3 --1 9 12 13 
--2 11 12 13 

4 --1 
--2 5 6 7 8 10 

5 --1 9 12 13 
--2 11 12 13 

6 --1 9 12 13 
--2 11 12 13 

7 --1 9 12 13 
--2 11 12 13 

8 --1 9 12 13 
--2 

9 --1 14 15 16 18 21 
--2 

10 --1 
--2 11 12 13 

11 --1 14 15 16 18 21 
--2 

12 --1 14 15 16 18 21 
--2 

13 --1 14 15 16 18 21 
--2 

14 --1 15 16 17 18 20 21 
--2 15 16 18 19 20 21 

15 --1 15 16 17 18 20 21 
--2 15 16 18 19 20 21 

16 --1 15 16 17 18 20 21 
--2 

17 --1 15 16 17 18 20 21 
--2 15 16 18 19 20 21 

18 --1 
--2 15 16 18 19 20 21 

19 --1 15 16 17 18 20 21 
--2 15 16 18 19 20 21 

20 --1 15 16 17 18 20 21 
--2 15 16 18 19 20 21 

21 --1 
--2 

