Printing transitions and curresponding states
0 -- 1 -> 3 6 7 8 10 
2 -> 5 6 7 8 10 

1 -- 1 -> 3 6 7 8 10 
2 -> 5 6 7 8 10 

2 -- 1 -> 3 6 7 8 10 
2 -> 

3 -- 1 -> 9 12 13 
2 -> 11 12 13 

4 -- 1 -> 
2 -> 5 6 7 8 10 

5 -- 1 -> 9 12 13 
2 -> 11 12 13 

6 -- 1 -> 9 12 13 
2 -> 11 12 13 

7 -- 1 -> 9 12 13 
2 -> 11 12 13 

8 -- 1 -> 9 12 13 
2 -> 

9 -- 1 -> 14 15 16 18 21 
2 -> 

10 -- 1 -> 
2 -> 11 12 13 

11 -- 1 -> 14 15 16 18 21 
2 -> 

12 -- 1 -> 14 15 16 18 21 
2 -> 

13 -- 1 -> 14 15 16 18 21 
2 -> 

14 -- 1 -> 15 16 17 18 20 21 
2 -> 15 16 18 19 20 21 

15 -- 1 -> 15 16 17 18 20 21 
2 -> 15 16 18 19 20 21 

16 -- 1 -> 15 16 17 18 20 21 
2 -> 

17 -- 1 -> 15 16 17 18 20 21 
2 -> 15 16 18 19 20 21 

18 -- 1 -> 
2 -> 15 16 18 19 20 21 

19 -- 1 -> 15 16 17 18 20 21 
2 -> 15 16 18 19 20 21 

20 -- 1 -> 15 16 17 18 20 21 
2 -> 15 16 18 19 20 21 

21 -- 1 -> 
2 -> 
Printing transitions and curresponding states
0 -- 1 -> 3 6 7 8 10 
2 -> 5 6 7 8 10 

1 -- 1 -> 3 6 7 8 10 
2 -> 5 6 7 8 10 

2 -- 1 -> 3 6 7 8 10 
2 -> 

3 -- 1 -> 9 12 13 
2 -> 11 12 13 

4 -- 1 -> 
2 -> 5 6 7 8 10 

5 -- 1 -> 9 12 13 
2 -> 11 12 13 

6 -- 1 -> 9 12 13 
2 -> 11 12 13 

7 -- 1 -> 9 12 13 
2 -> 11 12 13 

8 -- 1 -> 9 12 13 
2 -> 

9 -- 1 -> 14 15 16 18 21 
2 -> 

10 -- 1 -> 
2 -> 11 12 13 

11 -- 1 -> 14 15 16 18 21 
2 -> 

12 -- 1 -> 14 15 16 18 21 
2 -> 

13 -- 1 -> 14 15 16 18 21 
2 -> 

14 -- 1 -> 15 16 17 18 20 21 
2 -> 15 16 18 19 20 21 

15 -- 1 -> 15 16 17 18 20 21 
2 -> 15 16 18 19 20 21 

16 -- 1 -> 15 16 17 18 20 21 
2 -> 

17 -- 1 -> 15 16 17 18 20 21 
2 -> 15 16 18 19 20 21 

18 -- 1 -> 
2 -> 15 16 18 19 20 21 

19 -- 1 -> 15 16 17 18 20 21 
2 -> 15 16 18 19 20 21 

20 -- 1 -> 15 16 17 18 20 21 
2 -> 15 16 18 19 20 21 

21 -- 1 -> 
2 -> 

enfa to dfa

START
9 2
0 1 1  2 2  
1 1 3  2 4  
2 1 3  2 4  
3 1 5  2 6  
4 1 5  2 6  
5 1 7  2 8  
6 1 6  2 6  
7 1 7  2 8  
8 1 7  2 8  
Printing final states 
5 
7 
8 
Optimized is 
5 2
0 1 1  2 1  
1 1 2  2 2  
2 1 3  2 4  
3 1 3  2 3  
4 1 4  2 4  
Printing final states 
3 

